pressure height temperature dewpoint rh mixingratio direction sknt thta thte thtv
1018.0 20 8.6 7.8 95 6.56 0 0 280.3 298.4 281.4
1007.0 112 13.7 11.0 83 8.23 35 2 286.3 309.4 287.7
1000.0 171 17.0 13.0 77 9.49 30 4 290.1 317.1 291.8
987.0 283 17.4 12.7 74 9.43 43 3 291.6 318.6 293.3
985.0 300 17.3 12.3 72 9.2 45 3 291.8 318.1 293.4
976.0 378 17.1 10.4 65 8.2 315 4 292.2 315.9 293.7
951.0 599 16.4 5.3 48 5.89 275 2 293.7 311.0 294.7
946.0 644 16.2 4.2 45 5.49 290 2 294.0 310.2 294.9
927.0 817 17.1 -6.7 19 2.52 350 4 296.6 304.4 297.1
925.0 835 17.2 -7.8 17 2.31 355 4 296.9 304.1 297.3
918.0 900 17.2 -17.3 8 1.08 15 7 297.5 301.1 297.7
914.0 937 17.2 -22.8 5 0.67 21 8 297.9 300.2 298.0
903.0 1040 17.6 -8.4 16 2.26 36 10 299.4 306.5 299.8
876.0 1298 15.5 3.4 44 5.61 75 16 299.8 316.8 300.8
872.0 1337 15.2 5.2 51 6.4 71 17 299.9 319.1 301.0
866.0 1395 14.8 2.9 45 5.49 65 19 300.1 316.7 301.1
850.0 1553 13.8 -3.2 31 3.57 65 17 300.6 311.7 301.2
836.0 1693 14.6 -16.4 10 1.28 74 15 302.9 307.1 303.1
835.0 1703 14.5 -16.6 10 1.25 75 15 302.9 307.1 303.1
796.0 2103 11.9 -25.4 6 0.61 45 7 304.3 306.4 304.4
784.0 2230 11.1 -28.2 5 0.48 25 10 304.7 306.4 304.8
774.0 2337 10.4 -30.6 4 0.39 34 10 305.1 306.5 305.2
762.0 2467 10.2 -33.8 3 0.29 44 10 306.2 307.3 306.3
733.0 2787 8.4 -30.8 4 0.4 70 10 307.6 309.1 307.7
704.0 3119 6.5 -27.7 7 0.56 25 11 309.1 311.1 309.2
703.0 3131 6.4 -27.6 7 0.57 26 11 309.2 311.2 309.3
700.0 3166 6.0 -27.0 7 0.6 30 10 309.1 311.2 309.2
657.0 3679 2.8 -37.4 3 0.24 75 13 311.2 312.1 311.2
641.0 3879 1.6 -41.4 2 0.16 70 13 312.0 312.6 312.0
623.0 4107 -0.2 -30.7 8 0.48 65 13 312.5 314.2 312.6
618.0 4171 -0.7 -27.7 11 0.64 65 14 312.6 314.9 312.7
616.0 4197 -0.9 -28.1 11 0.62 65 14 312.7 314.9 312.8
597.0 4445 -2.8 -31.4 9 0.47 50 13 313.3 315.0 313.3
590.0 4538 -3.5 -32.7 8 0.42 60 13 313.5 315.0 313.6
579.0 4687 -4.7 -34.7 8 0.35 49 13 313.8 315.1 313.9
565.0 4878 -6.2 -31.2 12 0.5 35 13 314.3 316.1 314.4
562.0 4920 -6.5 -30.5 13 0.54 39 13 314.4 316.4 314.5
546.0 5144 -7.9 -37.9 7 0.27 58 15 315.3 316.3 315.4
540.0 5229 -8.6 -36.6 8 0.31 65 15 315.5 316.7 315.6
500.0 5820 -13.3 -27.3 30 0.82 50 16 316.8 319.7 316.9
490.0 5974 -14.1 -32.1 20 0.53 46 18 317.6 319.6 317.7
488.0 6005 -14.3 -33.0 19 0.49 45 18 317.7 319.6 317.8
453.0 6568 -17.9 -48.9 5 0.1 71 16 320.1 320.5 320.1
435.0 6870 -20.0 -46.0 8 0.14 85 15 321.1 321.7 321.1
421.0 7114 -21.7 -43.7 12 0.19 68 13 322.0 322.7 322.0
406.0 7381 -23.5 -49.7 7 0.1 50 11 322.9 323.4 323.0
403.0 7435 -23.9 -50.9 6 0.09 52 11 323.1 323.5 323.2
400.0 7490 -24.3 -49.3 8 0.11 55 10 323.3 323.8 323.3
395.0 7581 -25.1 -48.5 9 0.12 65 9 323.4 323.9 323.4
390.0 7673 -25.9 -47.7 11 0.13 40 11 323.5 324.1 323.6
376.0 7936 -28.3 -45.3 18 0.18 70 10 323.8 324.5 323.8
339.0 8666 -34.0 -47.2 25 0.16 155 6 325.7 326.4 325.7
329.0 8876 -35.7 -47.7 28 0.16 212 4 326.2 326.9 326.3
326.0 8940 -36.1 -49.4 24 0.13 230 3 326.5 327.1 326.6
320.0 9068 -36.9 -52.9 17 0.09 217 3 327.2 327.5 327.2
317.0 9133 -37.5 -52.9 18 0.09 210 3 327.3 327.6 327.3
304.0 9419 -39.9 -52.7 24 0.09 255 6 327.7 328.1 327.8
300.0 9510 -40.7 -52.7 26 0.1 250 7 327.9 328.3 327.9
299.0 9533 -40.9 -52.9 26 0.09 248 7 327.9 328.3 327.9
297.0 9579 -41.5 -53.5 26 0.09 243 7 327.7 328.1 327.7
287.0 9810 -43.5 -54.5 28 0.08 220 7 328.1 328.5 328.1
276.0 10073 -45.7 -55.7 31 0.07 259 5 328.6 328.9 328.6
266.0 10319 -46.9 -60.2 20 0.04 295 4 330.3 330.5 330.3
261.0 10446 -47.5 -62.5 16 0.03 289 4 331.2 331.4 331.2
250.0 10730 -49.5 -63.5 18 0.03 275 5 332.3 332.5 332.4
237.0 11072 -51.8 -65.2 19 0.03 260 6 333.9 334.0 333.9
231.0 11236 -53.0 -65.9 19 0.02 275 8 334.7 334.8 334.7
214.0 11726 -56.3 -68.3 21 0.02 240 9 336.9 337.0 336.9
210.0 11845 -56.9 -68.9 21 0.02 232 10 337.8 337.8 337.8
207.0 11935 -57.5 -69.0 22 0.02 225 10 338.1 338.2 338.1
200.0 12150 -59.1 -69.1 26 0.02 230 12 339.0 339.1 339.0
192.0 12405 -60.4 -69.8 28 0.02 220 9 341.0 341.1 341.0
190.0 12471 -60.7 -70.0 28 0.02 210 13 341.5 341.6 341.5
185.0 12638 -61.5 -70.5 29 0.02 252 16 342.8 342.8 342.8
184.0 12672 -61.5 -70.5 29 0.02 260 16 343.3 343.4 343.3
175.0 12985 -59.7 -70.7 23 0.02 280 18 351.2 351.3 351.2
173.0 13057 -60.0 -71.1 22 0.02 285 19 351.9 352.0 351.9
163.0 13429 -61.3 -73.3 19 0.01 306 13 355.7 355.8 355.7
155.0 13744 -59.3 -72.3 17 0.01 324 8 364.3 364.4 364.3
154.0 13785 -59.1 -72.1 17 0.01 326 8 365.3 365.4 365.3
150.0 13950 -59.5 -73.5 15 0.01 335 5 367.4 367.4 367.4
148.0 14033 -59.8 -73.8 14 0.01 265 4 368.2 368.3 368.2
146.0 14118 -60.2 -74.2 14 0.01 240 6 369.1 369.1 369.1
144.0 14204 -60.5 -74.5 14 0.01 246 8 369.9 370.0 369.9
141.0 14335 -60.3 -74.8 13 0.01 255 12 372.5 372.6 372.5
129.0 14888 -59.5 -76.1 10 0.01 335 4 383.6 383.7 383.6
127.0 14985 -59.3 -76.3 9 0.01 5 6 385.6 385.7 385.6
121.0 15286 -60.5 -77.5 9 0.01 0 0 388.8 388.9 388.8
118.0 15442 -61.1 -78.1 9 0.01 299 8 390.5 390.5 390.5
114.0 15654 -61.5 -79.2 8 0.01 215 18 393.6 393.6 393.6
107.0 16045 -62.3 -81.3 6 0.01 311 10 399.3 399.3 399.3
105.0 16161 -62.7 -81.7 6 0.0 340 7 400.7 400.7 400.7
103.0 16279 -63.1 -82.1 6 0.0 15 8 402.1 402.2 402.2
100.0 16460 -63.7 -82.7 6 0.0 40 1 404.4 404.4 404.4
98.0 16584 -64.2 -83.9 5 0.0 265 4 405.8 405.9 405.8
97.4 16621 -64.3 -84.3 5 0.0 275 4 406.3 406.3 406.3
94.0 16840 -63.8 -84.5 4 0.0 335 6 411.3 411.4 411.3
85.0 17460 -62.5 -84.9 3 0.0 230 2 426.0 426.1 426.0
80.0 17833 -61.7 -85.2 3 0.0 355 8 435.1 435.1 435.1
79.0 17910 -61.5 -85.2 3 0.0 20 11 437.0 437.1 437.0
77.6 18020 -61.3 -85.3 3 0.0 27 14 439.8 439.8 439.8
77.0 18069 -61.3 -85.3 3 0.0 30 15 440.8 440.8 440.8
75.0 18232 -61.2 -85.2 3 0.0 45 4 444.3 444.4 444.3
73.0 18400 -61.1 -85.1 3 0.0 30 1 448.0 448.0 448.0
72.0 18485 -61.0 -85.0 3 0.0 350 7 449.9 449.9 449.9
70.0 18660 -60.9 -84.9 3 0.0 300 4 453.8 453.8 453.8
68.6 18786 -60.7 -84.7 3 0.0 338 10 456.8 456.8 456.8
68.0 18840 -60.6 -84.7 3 0.0 355 12 458.1 458.1 458.1
66.0 19026 -60.5 -84.5 3 0.0 10 17 462.4 462.4 462.4
64.0 19218 -60.3 -84.3 3 0.01 40 16 466.8 466.9 466.8
63.0 19316 -60.2 -84.2 3 0.01 35 12 469.1 469.2 469.1
61.8 19435 -60.1 -84.1 3 0.01 45 13 472.0 472.0 472.0
60.4 19578 -59.7 -83.7 3 0.01 57 15 476.0 476.0 476.0
59.0 19725 -59.6 -83.6 3 0.01 70 16 479.4 479.5 479.4
57.0 19941 -59.4 -83.4 3 0.01 55 7 484.5 484.6 484.5
55.6 20096 -59.3 -83.3 3 0.01 59 10 488.3 488.3 488.3
52.0 20515 -59.5 -83.5 3 0.01 70 19 497.1 497.2 497.1
50.0 20760 -59.7 -83.7 3 0.01 100 8 502.4 502.4 502.4
48.0 21018 -58.3 -82.6 3 0.01 55 11 511.6 511.7 511.6
46.0 21287 -56.8 -81.5 3 0.01 80 22 521.4 521.5 521.4
44.0 21568 -55.3 -80.3 3 0.01 78 17 531.8 531.9 531.8
42.0 21866 -54.6 -79.6 3 0.02 75 12 540.7 540.9 540.7
39.0 22342 -53.4 -78.4 3 0.02 90 20 555.2 555.4 555.2
37.3 22628 -52.7 -77.7 3 0.03 112 13 564.1 564.4 564.2
36.0 22856 -52.9 -77.8 3 0.03 130 7 569.3 569.5 569.3
33.0 23417 -53.5 -77.9 4 0.03 85 11 582.1 582.3 582.1
31.0 23819 -53.9 -78.0 4 0.03 75 8 591.5 591.7 591.5
30.2 23987 -54.1 -78.1 4 0.03 95 9 595.4 595.7 595.4
30.0 24030 -54.1 -78.1 4 0.03 100 9 596.6 596.8 596.6
29.5 24138 -54.1 -78.1 4 0.03 75 10 599.4 599.7 599.4
29.0 24247 -54.1 -78.1 4 0.03 50 12 602.4 602.6 602.4
28.7 24314 -54.1 -78.1 4 0.03 51 12 604.2 604.4 604.2
27.6 24565 -53.9 -77.9 4 0.03 57 13 611.5 611.8 611.5
26.0 24951 -52.3 -76.7 4 0.04 65 14 626.5 626.9 626.5
25.0 25205 -51.3 -76.0 4 0.05 45 11 636.5 637.0 636.5
23.7 25551 -49.9 -74.9 4 0.06 76 11 650.4 650.9 650.4
23.2 25690 -49.5 -74.5 4 0.07 89 10 655.5 656.1 655.5
22.0 26037 -49.8 -74.3 4 0.07 120 10 664.6 665.3 664.6
21.0 26341 -50.1 -74.1 4 0.08 145 13 672.6 673.4 672.6
20.0 26660 -49.5 -73.5 4 0.09 125 9 683.9 684.8 683.9
19.0 26998 -48.5 -73.1 4 0.1 100 15 697.2 698.2 697.2
18.0 27355 -47.4 -72.6 4 0.12 90 8 711.5 712.7 711.5
16.9 27771 -46.1 -72.1 4 0.13 42 11 728.5 729.9 728.6
16.0 28136 -44.8 -70.8 4 0.17 0 13 744.1 745.9 744.2
15.9 28178 -44.7 -70.7 4 0.17 5 15 745.9 747.7 746.0
15.0 28565 -46.5 -71.3 4 0.17 55 32 752.6 754.4 752.6
14.4 28836 -47.7 -71.7 5 0.17 71 27 757.2 759.0 757.3
14.0 29022 -48.1 -72.1 5 0.16 82 24 762.0 763.7 762.1
13.0 29513 -47.0 -71.5 4 0.19 110 15 782.2 784.3 782.3
12.1 29988 -45.9 -70.9 4 0.22 92 13 802.2 804.7 802.3
12.0 30043 -45.8 -70.8 4 0.23 90 13 804.3 806.9 804.4
11.5 30326 -45.5 -70.5 4 0.25 78 10 815.4 818.2 815.5
11.0 30623 -45.1 -70.1 4 0.27 65 7 827.1 830.3 827.3
10.7 30807 -44.9 -69.9 4 0.29 55 9 834.5 837.9 834.7
10.0 31260 -44.5 -69.5 4 0.33 30 14 852.3 856.2 852.5
