pressure	height	temperature	dewpoint	rh	mixingratio	direction	sknt	thta	thte	thtv
1012	20	23	20.7	87	15.44	0	0	295.1	339.6	297.9
1000	127	22	18.2	79	13.33	225	15	295.1	333.6	297.5
997	153	22.2	18.3	79	13.45	227	16	295.6	334.5	298
980	304	24.2	16.9	64	12.49	240	25	299.1	335.8	301.4
972	375	25.2	16.2	57	12.06	247	30	300.8	336.5	303
968	412	24.9	15.9	57	11.9	250	33	300.9	336.1	303
963	457	24.6	15.6	57	11.7	250	33	301	335.7	303.1
957	512	24.3	16.1	60	12.16	250	32	301.2	337.2	303.4
947	604	23.7	16.9	66	12.96	260	32	301.5	340	303.9
941	659	23.4	17.4	69	13.47	262	32	301.8	341.7	304.2
934	725	23	17	69	13.19	265	32	301.9	341.1	304.3
925	809	22.4	16.4	69	12.84	260	32	302.2	340.4	304.5
915	903	21.8	16.4	71	12.95	265	29	302.5	341.1	304.9
889	1153	20.1	16.2	78	13.22	265	30	303.3	342.8	305.7
865	1390	18.6	16.1	85	13.49	277	26	304.1	344.5	306.6
850	1540	18	14.4	79	12.28	285	23	305	341.9	307.2
842	1621	17.6	13.8	78	11.92	287	22	305.4	341.3	307.6
832	1723	16.8	13.4	80	11.73	290	21	305.6	341	307.7
811	1940	15.1	12.5	84	11.34	285	22	306	340.3	308.1
796	2099	13.8	11.8	88	11.06	285	23	306.3	339.8	308.3
791	2153	13.4	11.6	89	10.96	281	24	306.4	339.6	308.4
790	2163	13.4	11.6	89	10.94	280	24	306.5	339.7	308.5
784	2228	13.2	11.3	88	10.84	283	25	307	339.9	309
760	2489	12.2	9.6	84	9.96	295	28	308.6	339.1	310.4
752	2578	11.8	9	83	9.67	299	24	309.1	338.9	310.9
751	2589	11.7	8.9	83	9.64	300	24	309.2	338.8	311
741	2702	11	8.3	84	9.37	295	25	309.5	338.4	311.3
731	2815	10.2	7.7	84	9.1	300	25	309.9	338	311.6
720	2941	9.4	6.8	83	8.65	305	26	310.4	337.2	312
702	3151	8.1	5.2	82	7.95	315	22	311.2	336	312.7
700	3175	8	5	81	7.87	315	22	311.3	335.9	312.8
694	3246	7.6	4.8	83	7.82	315	25	311.6	336.1	313.1
686	3341	7	4.5	84	7.75	320	24	312	336.3	313.4
668	3560	5.6	3.8	88	7.59	315	24	312.8	336.7	314.3
665	3597	5.4	3.7	89	7.56	315	23	313	336.8	314.4
659	3671	4.9	3.1	88	7.33	315	20	313.3	336.4	314.6
650	3783	4.2	2.3	87	6.98	300	20	313.7	335.8	315
640	3910	3.4	1.3	86	6.61	305	22	314.2	335.2	315.4
631	4025	2.6	0.8	88	6.45	300	20	314.5	335.1	315.8
622	4141	1.8	0.2	89	6.28	310	19	314.9	335	316.1
617	4206	1.4	-0.4	88	6.07	310	18	315.1	334.5	316.3
611	4285	0.8	-1.1	87	5.81	304	17	315.4	334	316.5
597	4471	-0.3	-2.5	85	5.36	290	15	316.2	333.6	317.2
594	4512	-0.5	-2.8	84	5.27	292	16	316.4	333.5	317.4
589	4579	-0.4	-3.5	80	5.05	295	18	317.3	333.7	318.2
583	4661	-0.3	-4.3	74	4.8	295	17	318.3	334.1	319.2
580	4702	-0.4	-4.8	72	4.63	295	16	318.7	333.9	319.6
573	4799	-0.7	-6.1	67	4.26	300	17	319.4	333.6	320.3
565	4912	-1	-7.5	61	3.86	280	16	320.4	333.2	321.1
548	5156	-1.7	-10.7	50	3.1	300	18	322.4	332.9	322.9
544	5214	-2.1	-10.3	54	3.24	305	19	322.5	333.5	323.1
539	5287	-2.7	-9.7	59	3.42	294	20	322.7	334.3	323.4
537	5317	-2.8	-10.4	56	3.23	290	21	322.9	333.9	323.5
530	5421	-3.3	-13.1	47	2.65	295	18	323.6	332.7	324.1
524	5511	-3.6	-15.4	40	2.22	295	18	324.1	331.9	324.6
518	5602	-4	-17.7	34	1.85	290	20	324.8	331.3	325.1
517	5617	-4.1	-18.1	33	1.79	291	21	324.9	331.2	325.2
506	5786	-5	-15.1	45	2.34	300	26	325.8	334	326.2
500	5880	-5.5	-13.5	53	2.71	310	24	326.3	335.7	326.8
499	5896	-5.6	-14	52	2.62	310	25	326.3	335.5	326.9
494	5974	-6.1	-16.4	44	2.17	310	27	326.7	334.4	327.1
488	6070	-6.6	-19.3	36	1.72	310	26	327.1	333.3	327.5
474	6297	-8	-26.2	22	0.96	295	25	328.2	331.8	328.4
467	6413	-8.7	-29.7	17	0.7	292	27	328.7	331.4	328.9
462	6496	-9	-29.3	18	0.74	290	28	329.4	332.2	329.5
460	6530	-9.1	-29.1	18	0.75	289	28	329.6	332.5	329.8
452	6666	-9.5	-37.5	8	0.34	285	26	330.8	332.1	330.9
451	6683	-9.6	-37.1	9	0.35	285	26	330.9	332.3	330.9
448	6734	-9.9	-35.9	10	0.4	285	26	331.1	332.7	331.2
445	6786	-10.2	-37	9	0.36	285	26	331.4	332.8	331.5
440	6872	-10.7	-38.8	8	0.31	285	25	331.9	333.1	331.9
429	7067	-11.8	-42.8	6	0.21	280	21	332.9	333.7	332.9
418	7266	-12.9	-46.9	4	0.13	290	24	333.9	334.5	333.9
405	7506	-14.9	-29.5	28	0.83	295	22	334.3	337.5	334.5
404	7525	-15.1	-28.1	32	0.94	295	22	334.3	337.9	334.5
401	7581	-15.4	-30.6	26	0.75	295	23	334.6	337.5	334.8
400	7600	-15.5	-31.5	24	0.69	295	23	334.8	337.4	334.9
395	7695	-15.9	-39.9	11	0.3	295	22	335.4	336.7	335.5
392	7752	-16.5	-35.1	18	0.5	295	21	335.4	337.4	335.5
390	7790	-16.9	-31.9	26	0.68	297	22	335.4	338	335.5
388	7829	-17.1	-33.7	22	0.58	300	22	335.6	337.8	335.7
381	7965	-17.9	-39.9	13	0.31	303	20	336.3	337.6	336.3
375	8082	-19	-38	17	0.39	305	18	336.4	337.9	336.5
370	8181	-19.9	-36.3	22	0.47	310	19	336.5	338.3	336.6
363	8322	-21.2	-34	31	0.6	310	20	336.6	338.9	336.7
354	8508	-22.9	-30.9	48	0.83	313	22	336.7	339.9	336.9
347	8654	-23.6	-32.6	43	0.72	315	23	337.7	340.5	337.8
340	8802	-24.3	-34.3	39	0.62	312	26	338.7	341.1	338.8
335	8910	-25.1	-33.1	47	0.71	311	28	339	341.8	339.2
325	9129	-26.7	-37.7	35	0.46	307	33	339.8	341.6	339.9
320	9241	-27.5	-38.5	34	0.43	305	35	340.1	341.9	340.2
319	9263	-27.7	-38.7	34	0.42	305	35	340.2	341.9	340.3
316	9331	-28.4	-38.2	38	0.45	305	35	340.1	341.9	340.2
314	9376	-28.9	-37.9	42	0.47	305	34	340.1	341.9	340.2
307	9537	-30.1	-39.9	38	0.39	305	32	340.5	342.1	340.6
305	9583	-30.5	-40.5	37	0.37	305	32	340.7	342.2	340.7
300	9700	-31.7	-41.7	37	0.33	305	32	340.6	341.9	340.6
292	9889	-33.4	-42	41	0.33	300	30	340.9	342.2	340.9
282	10134	-35.5	-42.5	49	0.32	303	28	341.2	342.5	341.3
278	10233	-36.5	-44.5	43	0.26	304	28	341.1	342.2	341.2
275	10308	-36.9	-43.9	48	0.28	304	27	341.6	342.8	341.7
273	10358	-37.3	-45.3	43	0.25	305	27	341.8	342.8	341.8
271	10409	-37.7	-46.7	38	0.21	302	27	341.9	342.8	341.9
270	10435	-37.9	-46.8	39	0.21	300	27	342	342.9	342
264	10589	-39.1	-47.1	42	0.21	303	28	342.4	343.3	342.5
259	10720	-39.9	-48.9	38	0.17	306	29	343.1	343.9	343.2
253	10879	-41.2	-48.2	47	0.19	310	30	343.5	344.3	343.5
250	10960	-41.9	-47.9	52	0.2	310	29	343.6	344.5	343.7
246	11069	-42.7	-47.7	58	0.21	313	31	344	344.9	344.1
242	11180	-43.5	-50.5	46	0.15	317	33	344.4	345.1	344.5
234	11406	-45.3	-51.3	51	0.15	324	38	345	345.7	345.1
227	11608	-46.4	-54.3	40	0.1	330	42	346.3	346.8	346.3
223	11726	-47.1	-56.1	35	0.09	330	40	347.1	347.4	347.1
218	11876	-48.3	-56.4	38	0.08	330	38	347.5	347.9	347.5
217	11907	-48.5	-56.5	39	0.08	331	38	347.6	348	347.6
212	12060	-49.6	-58.1	36	0.07	335	38	348.2	348.6	348.2
209	12153	-50.2	-59	35	0.06	335	36	348.6	348.9	348.6
207	12216	-50.7	-59.7	34	0.06	334	35	348.9	349.1	348.9
200	12440	-52.7	-60.7	37	0.05	330	32	349.1	349.4	349.2
194	12632	-54.2	-61.5	40	0.05	330	29	349.7	350	349.7
185	12931	-56.7	-62.8	46	0.04	325	31	350.6	350.8	350.6
172	13390	-60.4	-64.8	56	0.04	340	37	351.8	352	351.8
169	13501	-61.3	-65.3	59	0.03	345	36	352.1	352.2	352.1
167	13576	-61.9	-65.6	61	0.03	345	35	352.3	352.4	352.3
162	13763	-63.3	-67.3	58	0.03	348	34	353	353.1	353
159	13877	-64.3	-68	61	0.03	350	34	353.2	353.3	353.2
152	14150	-66.7	-69.5	68	0.02	342	34	353.6	353.8	353.6
150	14230	-67.3	-70.4	65	0.02	340	34	354	354.1	354
147	14351	-68.2	-70.8	69	0.02	340	34	354.5	354.6	354.5
144	14474	-69.1	-71.3	73	0.02	343	33	355	355.1	355
142	14557	-69.5	-72	71	0.02	345	32	355.6	355.7	355.6
137	14770	-70.7	-73.7	64	0.01	340	29	357.2	357.3	357.2
135	14857	-70.7	-74.3	59	0.01	334	28	358.8	358.8	358.8
132	14990	-70.1	-74.1	56	0.01	325	26	362.1	362.2	362.1
129	15126	-69.5	-73.9	53	0.01	332	23	365.6	365.7	365.6
126	15266	-69.8	-74.4	51	0.01	340	19	367.5	367.6	367.5
125	15313	-69.9	-74.6	50	0.01	338	19	368.2	368.2	368.2
122	15457	-69.7	-75.7	41	0.01	330	20	371.1	371.2	371.1
118	15655	-69.2	-75.7	38	0.01	315	8	375.6	375.6	375.6
116	15757	-69	-75.7	37	0.01	340	8	377.9	377.9	377.9
114	15861	-68.7	-75.7	36	0.01	345	12	380.2	380.3	380.2
112	15967	-68.2	-75.4	35	0.01	350	17	383.2	383.2	383.2
110	16076	-67.6	-75.2	33	0.01	350	13	386.2	386.2	386.2
106	16299	-66.5	-74.6	31	0.01	0	9	392.4	392.5	392.4
104	16414	-65.9	-74.3	30	0.02	275	3	395.7	395.8	395.7
103	16472	-65.6	-74.2	30	0.02	250	9	397.3	397.4	397.4
101	16590	-65	-73.8	28	0.02	265	15	400.7	400.8	400.7
100	16650	-64.7	-73.7	28	0.02	265	15	402.4	402.6	402.5
98	16774	-64.1	-73.6	26	0.02	270	11	405.9	406	405.9
92	17163	-62.3	-73.3	22	0.02	318	6	416.9	417	416.9
90	17299	-62.7	-74.3	20	0.02	335	4	418.8	418.9	418.8
89	17369	-62.8	-74.8	19	0.02	335	6	419.8	419.9	419.8
88.7	17389	-62.9	-74.9	18	0.02	333	6	420.1	420.2	420.1
84.4	17695	-64.3	-76.3	18	0.01	297	9	423.2	423.3	423.2
83	17798	-64	-76.5	16	0.01	285	10	426	426.1	426
79.7	18048	-63.1	-77.1	13	0.01	318	3	432.7	432.8	432.7
79	18102	-63.1	-77.2	13	0.01	325	2	433.7	433.8	433.7
77	18260	-63.3	-77.3	13	0.01	15	2	436.6	436.7	436.6
76	18341	-63.1	-77.3	13	0.01	300	3	438.7	438.8	438.7
75	18423	-62.9	-77.4	12	0.01	260	7	440.8	440.9	440.8
74	18506	-62.6	-77.5	12	0.01	260	9	443	443.1	443
71	18762	-61.9	-77.6	11	0.01	275	4	449.7	449.8	449.7
70	18850	-61.7	-77.7	10	0.01	205	5	452	452.1	452.1
69	18939	-61.4	-77.7	10	0.01	190	6	454.5	454.6	454.5
67	19122	-60.9	-77.8	9	0.01	245	10	459.5	459.6	459.5
65	19311	-60.3	-77.9	8	0.01	160	4	464.8	464.9	464.8
64	19407	-60	-78	8	0.01	195	4	467.5	467.6	467.5
63	19505	-59.7	-78	8	0.01	325	4	470.2	470.3	470.2
61	19706	-59.1	-78.1	7	0.01	40	2	475.9	476.1	476
60	19809	-59	-78.3	7	0.01	150	5	478.5	478.6	478.5
58	20021	-58.8	-78.6	6	0.01	355	2	483.6	483.8	483.7
57.6	20065	-58.7	-78.7	6	0.01	3	4	484.7	484.8	484.7
57	20130	-58.8	-79	6	0.01	15	8	486	486.1	486
53.9	20480	-59.3	-80.3	5	0.01	57	5	492.6	492.7	492.6
53	20586	-59.2	-80.6	5	0.01	70	4	495.2	495.3	495.2
51.6	20753	-59.1	-81.1	4	0.01	133	5	499.3	499.3	499.3
51.5	20765	-59.1	-81.1	4	0.01	137	5	499.5	499.6	499.5
51	20826	-59.1	-81.1	4	0.01	160	5	500.9	501	500.9
50	20950	-59.1	-81.1	4	0.01	300	1	503.8	503.9	503.8
49	21077	-59.4	-81.4	4	0.01	315	3	506.1	506.1	506.1
48.5	21141	-59.5	-81.5	4	0.01	308	3	507.2	507.3	507.2
48	21207	-59.3	-81.4	4	0.01	300	4	509.1	509.2	509.1
47	21340	-59	-81.3	4	0.01	330	8	513	513.1	513
46	21476	-58.6	-81.2	4	0.01	0	8	517	517.1	517
45	21615	-58.3	-81	4	0.01	25	9	521.2	521.2	521.2
44	21757	-57.9	-80.9	4	0.01	45	6	525.4	525.5	525.4
42	22052	-57.2	-80.6	4	0.01	110	9	534.3	534.4	534.3
41	22205	-56.8	-80.5	4	0.02	80	7	539	539.1	539
40	22361	-56.4	-80.3	3	0.02	70	9	543.8	543.9	543.8
37	22854	-55.1	-79.8	3	0.02	130	15	559.3	559.5	559.3
36.1	23010	-54.7	-79.7	3	0.02	157	12	564.3	564.4	564.3
36	23028	-54.6	-79.7	3	0.02	160	12	564.9	565.1	564.9
34.1	23377	-53.1	-79.1	3	0.02	94	3	577.7	577.9	577.8
34	23395	-53.1	-79.1	3	0.02	90	3	578.1	578.3	578.1
33	23587	-53.5	-79.2	3	0.02	200	6	582.2	582.4	582.2
32	23785	-53.8	-79.3	3	0.02	225	3	586.5	586.7	586.5
30	24200	-54.5	-79.5	3	0.02	70	14	595.5	595.7	595.5
28.7	24483	-54.9	-79.9	3	0.02	80	14	602	602.2	602
28	24641	-54.7	-79.7	3	0.03	85	14	606.8	607	606.8
27	24874	-54.4	-79.4	3	0.03	120	7	614	614.2	614
26.7	24945	-54.3	-79.3	3	0.03	117	6	616.2	616.5	616.2
26	25117	-53.6	-78.8	3	0.03	110	4	622.7	623	622.8
25	25371	-52.7	-78.1	3	0.04	110	12	632.5	632.9	632.5
24	25635	-51.7	-77.3	3	0.04	115	5	642.8	643.2	642.9
23	25910	-50.6	-76.5	3	0.05	40	14	653.8	654.3	653.8
22.5	26052	-50.1	-76.1	3	0.05	40	15	659.5	660	659.5
22.4	26082	-50.3	-76.3	3	0.05	40	15	659.7	660.2	659.8
21	26502	-50.6	-75.8	4	0.06	40	19	671	671.6	671
20.8	26565	-50.7	-75.7	4	0.06	41	18	672.6	673.3	672.7
20.6	26628	-50.7	-75.7	4	0.06	42	18	674.5	675.1	674.5
20	26820	-50.7	-76.7	3	0.06	45	16	680.2	680.8	680.2
19	27157	-49.5	-75.8	3	0.07	75	21	693.9	694.6	693.9
18	27513	-48.3	-74.8	3	0.08	65	16	708.6	709.5	708.6
16.5	28085	-46.3	-73.3	3	0.11	95	20	732.9	734.1	732.9
16	28290	-46.2	-73	3	0.12	105	21	739.5	740.8	739.6
15	28718	-46.1	-72.3	4	0.15	120	23	753.6	755.2	753.7
14.7	28853	-46.1	-72.1	4	0.15	116	19	758.1	759.8	758.2
14.4	28990	-46.1	-72.1	4	0.16	111	16	762.6	764.3	762.7
14	29177	-46.4	-72.4	4	0.15	105	11	767.9	769.6	768
13.8	29272	-46.5	-72.5	4	0.15	100	11	770.6	772.3	770.6
13.5	29418	-46.3	-72.3	4	0.16	93	11	776.1	777.9	776.2
13	29669	-46.2	-72.2	4	0.17	80	10	784.9	786.8	785
12.6	29877	-46.1	-72.1	4	0.18	96	12	792.3	794.3	792.4
12.4	29983	-46.1	-72.1	4	0.18	104	13	795.9	798	796
12	30202	-45.7	-71.7	4	0.2	120	15	804.8	807	804.9
11.2	30661	-44.9	-70.9	4	0.24	76	8	823.7	826.5	823.8
11	30782	-44.8	-70.8	4	0.25	65	6	828.4	831.3	828.5
10	31420	-44.1	-70.1	4	0.3	70	15	853.8	857.4	854
9.6	31694	-43.9	-69.9	4	0.32	76	18	864.6	868.5	864.8
9	32126	-44.3	-70	4	0.34	85	24	879	883.1	879.2
8	32914	-45.1	-70.2	4	0.37	85	27	905.9	910.6	906.1
7.8	33083	-45.3	-70.3	4	0.37	86	26	911.8	916.6	912
7.3	33526	-44.7	-69.7	4	0.44	88	23	931.7	937.4	931.9
7.1	33712	-44.5	-69.5	4	0.46	89	22	939.9	946	940.2
