pressure height temperature dewpoint rh mixingratio direction sknt thta thte thtv
1015.0     20   22.6   22.3     98  17.02      0      0  294.5  343.3  297.5
 1005.0    106   23.7   22.2     92  17.12     25      7  296.4  345.9  299.4
 1000.0    150   24.2   22.2     89  17.17     20      6  297.4  347.2  300.4
  987.0    265   25.4   21.2     78  16.35     20      6  299.7  347.6  302.6
  983.0    301   25.1   21.2     79  16.47     20      6  299.7  348.1  302.7
  979.0    337   24.8   21.3     81  16.59     30      5  299.8  348.5  302.7
  977.0    355   24.7   21.1     80  16.42     35      5  299.9  348.1  302.8
  966.0    454   24.4   20.0     77  15.50     35      6  300.5  346.2  303.3
  950.0    601   23.9   18.4     72  14.23     45      6  301.4  343.5  304.0
  942.0    675   23.6   17.6     69  13.63     54      6  301.9  342.3  304.3
  933.0    759   22.9   17.5     71  13.66     65      7  302.0  342.6  304.5
  926.0    825   22.4   17.4     73  13.69     61      6  302.1  342.8  304.6
  925.0    834   22.4   17.4     73  13.70     60      6  302.2  342.9  304.7
  918.0    900   21.9   16.9     73  13.38     65      5  302.4  342.2  304.8
  905.0   1024   21.0   16.0     73  12.80     79      4  302.7  340.8  305.0
  900.0   1072   20.7   15.7     73  12.63     85      4  302.9  340.5  305.1
  898.0   1091   20.6   15.6     73  12.56     84      4  302.9  340.4  305.2
  890.0   1168   20.1   14.6     70  11.87     80      3  303.2  338.7  305.4
  879.0   1275   19.5   13.2     67  10.95    355      3  303.7  336.5  305.7
  868.0   1384   18.9   11.8     63  10.09    295      1  304.1  334.5  305.9
  858.0   1484   18.3   10.5     60   9.35    245      2  304.5  332.8  306.2
  856.0   1504   18.2   10.2     60   9.21    256      2  304.6  332.4  306.3
  850.0   1564   17.6   10.6     64   9.53    290      2  304.6  333.4  306.3
  848.0   1584   17.4   10.6     64   9.52    295      3  304.6  333.4  306.3
  838.0   1685   16.5   10.3     67   9.49    320      2  304.7  333.4  306.4
  828.0   1787   15.6   10.1     70   9.45    285      3  304.8  333.4  306.5
  817.0   1900   14.6    9.8     73   9.41    310      5  304.9  333.4  306.6
  807.0   2005   13.7    9.6     76   9.38    290      9  305.0  333.4  306.7
  798.0   2100   12.9    9.4     79   9.34    275      8  305.1  333.4  306.8
  795.0   2132   12.6    9.3     80   9.33    271      8  305.1  333.4  306.8
  779.0   2302   11.3    8.6     84   9.10    250     10  305.4  333.1  307.1
  776.0   2335   11.0    8.5     85   9.05    253     11  305.5  333.0  307.2
  770.0   2400   10.8    7.0     78   8.23    260     13  305.9  331.0  307.4
  766.0   2443   10.6    6.0     73   7.71    267     12  306.2  329.8  307.6
  762.0   2487   10.9    1.9     54   5.79    275     11  307.0  325.0  308.1
  750.0   2619   11.8  -10.6     20   2.29    270      9  309.4  316.9  309.8
  745.0   2675   12.2  -15.8     13   1.51    259      9  310.4  315.5  310.7
  744.0   2687   12.2  -16.8     12   1.39    257      9  310.5  315.2  310.8
  741.0   2720   12.0  -16.4     12   1.44    250      9  310.6  315.5  310.9
  716.0   3006   10.2  -12.8     18   2.00    268     11  311.7  318.4  312.1
  714.0   3030   10.2  -12.8     18   2.01    269     11  312.0  318.7  312.4
  706.0   3123   10.4  -19.0     11   1.21    275     12  313.2  317.4  313.4
  704.0   3147   10.4  -20.6      9   1.06    272     13  313.5  317.2  313.7
  700.0   3194   10.4  -21.6      9   0.98    265     15  314.0  317.4  314.2
  698.0   3218   10.3  -22.3      8   0.92    265     16  314.1  317.3  314.3
  690.0   3313    9.8  -25.3      7   0.71    270     19  314.6  317.1  314.7
  682.0   3410    9.3  -28.2      5   0.55    260     22  315.1  317.1  315.2
  674.0   3508    8.8  -31.3      4   0.42    265     16  315.6  317.1  315.7
  671.0   3545    8.6  -32.4      4   0.38    263     16  315.8  317.2  315.8
  666.0   3606    8.2  -30.9      4   0.44    260     15  316.0  317.6  316.0
  658.0   3704    7.5  -28.5      6   0.56    255     17  316.2  318.3  316.4
  650.0   3804    6.8  -26.0      7   0.71    260     16  316.6  319.1  316.7
  635.0   3994    5.4  -21.4     12   1.10    245     16  317.1  321.0  317.3
  619.0   4203    3.9  -16.3     21   1.74    245     23  317.7  323.8  318.1
  613.0   4282    3.3  -14.3     26   2.07    245     22  318.0  325.1  318.4
  600.0   4457    2.1  -10.0     40   2.99    245     25  318.5  328.5  319.1
  588.0   4621    0.9   -6.0     60   4.18    240     25  318.9  332.8  319.8
  581.0   4719    0.2   -3.6     76   5.07    242     26  319.2  335.9  320.2
  572.0   4844   -0.9   -4.7     75   4.74    244     27  319.4  335.0  320.3
  570.0   4872   -1.2   -4.8     76   4.71    245     27  319.4  334.9  320.3
  569.0   4886   -1.3   -4.9     76   4.70    245     27  319.4  334.8  320.3
  564.0   4957   -1.9   -5.7     75   4.46    243     28  319.5  334.2  320.3
  552.0   5128   -3.0   -7.5     71   3.95    240     30  320.1  333.3  320.9
  549.0   5171   -3.3   -8.0     70   3.83    240     29  320.3  333.1  321.0
  540.0   5302   -3.1  -12.2     50   2.80    240     25  322.0  331.6  322.5
  538.0   5332   -3.1  -13.1     46   2.61    238     25  322.4  331.3  322.9
  530.0   5450   -3.9  -16.9     36   1.93    228     25  322.8  329.6  323.2
  528.0   5480   -3.8  -20.3     27   1.45    225     25  323.3  328.4  323.6
  522.0   5571   -3.5  -30.5     10   0.58    230     23  324.7  326.9  324.8
  511.0   5739   -4.5  -44.4      3   0.15    240     20  325.4  326.0  325.4
  505.0   5832   -5.1  -52.1      1   0.06    235     20  325.8  326.1  325.8
  502.0   5879   -5.5  -52.5      1   0.06    232     20  325.9  326.1  325.9
  500.0   5910   -5.5  -52.5      1   0.06    230     20  326.3  326.5  326.3
  489.0   6083   -6.6  -46.9      2   0.11    230     21  327.0  327.5  327.0
  479.0   6244   -7.6  -41.7      5   0.21    225     20  327.7  328.6  327.8
  474.0   6326   -8.1  -39.1      6   0.27    230     22  328.1  329.2  328.1
  468.0   6424   -8.5  -43.5      4   0.17    236     24  328.8  329.5  328.8
  464.0   6490   -8.9  -40.4      6   0.24    240     26  329.0  330.0  329.1
  448.0   6761  -10.7  -27.7     23   0.88    252     32  330.1  333.4  330.3
  444.0   6830  -11.1  -28.8     22   0.81    255     34  330.5  333.5  330.6
  442.0   6864  -11.3  -29.3     21   0.77    254     34  330.6  333.6  330.8
  439.0   6916  -11.7  -28.7     23   0.82    252     35  330.8  333.9  330.9
  435.0   6986  -12.2  -33.2     16   0.54    250     35  331.0  333.1  331.1
  430.0   7074  -12.8  -38.8      9   0.31    255     34  331.3  332.5  331.4
  428.0   7110  -13.1  -41.1      8   0.25    254     34  331.4  332.4  331.4
  419.0   7271  -14.7  -33.7     18   0.53    251     34  331.4  333.4  331.5
  415.0   7343  -15.1  -37.8     12   0.36    250     34  331.8  333.2  331.8
  402.0   7582  -16.5  -51.5      3   0.08    260     36  333.0  333.4  333.0
  400.0   7620  -16.7  -53.7      2   0.06    260     36  333.2  333.5  333.2
  398.0   7658  -16.9  -56.9      2   0.04    260     35  333.4  333.6  333.4
  395.0   7714  -17.1  -57.1      2   0.04    260     35  333.9  334.1  333.9
  393.0   7752  -17.4  -53.9      3   0.06    260     34  334.0  334.3  334.0
  383.0   7945  -18.7  -37.7     17   0.39    268     36  334.7  336.3  334.8
  380.0   8004  -19.0  -46.0      7   0.16    270     36  335.1  335.8  335.1
  377.0   8063  -19.3  -54.3      3   0.06    270     35  335.4  335.7  335.5
  376.0   8082  -19.4  -53.0      3   0.07    270     35  335.5  335.8  335.5
  372.0   8162  -20.1  -47.6      7   0.14    270     35  335.7  336.3  335.8
  369.0   8222  -20.5  -43.5     11   0.22    270     37  335.9  336.8  336.0
  368.0   8242  -20.6  -44.3     10   0.20    270     37  336.0  336.8  336.0
  366.0   8282  -20.9  -45.9      9   0.17    270     38  336.2  336.9  336.2
  364.0   8322  -21.1  -44.1     11   0.21    270     39  336.5  337.4  336.5
  361.0   8384  -21.3  -41.3     15   0.29    266     39  336.9  338.1  337.0
  358.0   8445  -21.5  -44.5     11   0.20    263     40  337.5  338.3  337.5
  352.0   8569  -22.5  -42.7     14   0.25    255     40  337.8  338.9  337.9
  339.0   8844  -24.7  -38.6     26   0.40    265     41  338.5  340.1  338.6
  335.0   8930  -25.4  -37.4     32   0.46    270     39  338.7  340.6  338.8
  333.0   8974  -25.7  -36.7     35   0.50    270     40  338.8  340.8  338.9
  328.0   9084  -26.5  -39.5     28   0.38    270     41  339.2  340.7  339.2
  327.0   9106  -26.7  -39.5     29   0.38    270     41  339.1  340.7  339.2
  319.0   9284  -28.7  -39.9     33   0.38    270     39  338.9  340.4  338.9
  318.0   9306  -28.9  -39.9     34   0.38    269     39  338.8  340.4  338.9
  312.0   9442  -30.1  -42.1     30   0.30    266     37  339.0  340.3  339.1
  310.0   9488  -30.5  -42.5     30   0.29    265     36  339.1  340.3  339.1
  306.0   9580  -31.3  -43.3     30   0.27    265     37  339.2  340.4  339.3
  300.0   9720  -32.7  -44.7     29   0.24    265     36  339.2  340.2  339.2
  286.0  10049  -35.2  -53.5     14   0.09    255     28  340.3  340.7  340.3
  283.0  10122  -35.7  -55.5     11   0.07    260     28  340.6  340.9  340.6
  280.0  10195  -36.3  -57.4      9   0.06    255     28  340.8  341.1  340.8
  276.0  10295  -37.0  -60.1      7   0.04    260     27  341.1  341.3  341.1
  269.0  10472  -38.3  -64.8      4   0.02    260     28  341.7  341.8  341.7
  263.0  10627  -39.5  -69.0      3   0.01    265     26  342.2  342.3  342.2
  262.0  10653  -39.7  -69.7      3   0.01    265     26  342.3  342.4  342.3
  258.0  10758  -40.5  -69.5      3   0.01    265     26  342.6  342.7  342.6
  256.0  10810  -40.9  -69.6      3   0.01    265     26  342.9  342.9  342.9
  253.0  10890  -41.4  -69.8      3   0.01    265     27  343.2  343.3  343.2
  250.0  10970  -41.9  -69.9      3   0.01    265     28  343.6  343.7  343.6
  236.0  11356  -44.5  -64.4      9   0.03    260     32  345.4  345.5  345.4
  226.0  11645  -46.5  -60.3     19   0.05    270     45  346.7  346.9  346.7
  223.0  11735  -47.1  -59.0     24   0.06    265     43  347.1  347.4  347.1
  220.0  11825  -47.7  -57.7     31   0.07    265     44  347.5  347.8  347.5
  211.0  12099  -49.3  -62.8     19   0.04    270     41  349.2  349.4  349.2
  209.0  12162  -49.6  -63.9     17   0.03    275     43  349.6  349.7  349.6
  206.0  12256  -50.2  -65.7     14   0.03    275     42  350.2  350.3  350.2
  200.0  12450  -51.3  -69.3     10   0.02    280     42  351.4  351.4  351.4
  197.0  12548  -52.1  -71.1      8   0.01    278     43  351.6  351.7  351.6
  194.0  12647  -52.7  -72.1      8   0.01    275     43  352.2  352.3  352.2
  188.0  12849  -53.9  -74.2      7   0.01    280     43  353.5  353.5  353.5
  185.0  12952  -54.5  -75.3      6   0.01    280     40  354.1  354.1  354.1
  184.0  12987  -54.7  -75.7      6   0.01    281     41  354.3  354.4  354.3
  177.0  13231  -56.2  -76.7      6   0.01    285     48  355.8  355.9  355.8
  170.0  13485  -57.8  -77.8      6   0.01    290     44  357.4  357.4  357.4
  162.0  13789  -59.6  -79.1      6   0.00    280     34  359.2  359.2  359.2
  157.0  13986  -60.8  -80.0      6   0.00    275     34  360.4  360.4  360.4
  155.0  14067  -61.3  -80.3      6   0.00    280     36  360.9  360.9  360.9
  153.0  14147  -61.4  -80.8      6   0.00    285     38  362.1  362.1  362.1
  151.0  14229  -61.5  -81.3      6   0.00    290     37  363.3  363.3  363.3
  150.0  14270  -61.5  -81.5      5   0.00    290     36  363.9  363.9  363.9
  149.0  14311  -61.7  -81.8      5   0.00    285     35  364.3  364.4  364.3
  144.0  14522  -62.5  -83.4      5   0.00    285     37  366.4  366.4  366.4
  143.0  14565  -62.7  -83.7      4   0.00    285     35  366.8  366.9  366.8
  142.0  14608  -62.9  -83.5      5   0.00    285     32  367.3  367.3  367.3
  136.0  14872  -64.0  -82.1      7   0.00    270     25  369.9  369.9  369.9
  131.0  15101  -64.9  -80.9      9   0.00    249     29  372.2  372.2  372.2
  130.0  15148  -65.0  -81.0      9   0.00    245     30  372.8  372.8  372.8
  128.0  15242  -65.3  -81.3      9   0.00    250     33  374.0  374.0  374.0
  127.0  15290  -65.3  -81.3      9   0.00    255     34  374.8  374.8  374.8
  126.0  15338  -65.1  -81.7      8   0.00    260     35  376.0  376.0  376.0
  120.0  15635  -64.1  -84.1      5   0.00    279     21  383.1  383.1  383.1
  118.0  15737  -64.6  -85.4      4   0.00    285     16  384.1  384.1  384.1
  116.0  15842  -65.1  -86.7      4   0.00    270     13  385.1  385.1  385.1
  115.0  15894  -65.3  -87.3      3   0.00    257     14  385.6  385.6  385.6
  113.0  16000  -65.8  -87.2      4   0.00    230     17  386.7  386.7  386.7
  108.0  16274  -66.9  -86.9      4   0.00    255     23  389.6  389.6  389.6
  106.0  16387  -66.5  -85.8      5   0.00    265     26  392.4  392.4  392.4
  105.0  16444  -66.3  -85.3      5   0.00    265     26  393.8  393.9  393.8
  104.0  16502  -66.1  -85.8      5   0.00    265     25  395.3  395.3  395.3
  101.0  16680  -65.5  -87.5      3   0.00    250     17  399.8  399.8  399.8
  100.0  16740  -65.7  -88.7      3   0.00    245     14  400.5  400.5  400.5
   99.0  16801  -65.8  -89.3      2   0.00    235     14  401.6  401.6  401.6
   96.5  16957  -65.9  -90.9      2   0.00    247     18  404.2  404.2  404.2
   94.3  17097  -65.3  -90.3      2   0.00    258     22  408.1  408.1  408.1
   94.0  17117  -65.2  -90.2      2   0.00    260     23  408.6  408.6  408.6
   90.6  17342  -64.3  -89.3      2   0.00    277     11  414.8  414.8  414.8
   90.0  17383  -64.4  -89.4      2   0.00    280      9  415.3  415.3  415.3
   88.0  17520  -64.9  -89.9      2   0.00    275      6  417.1  417.1  417.1
   87.0  17590  -65.1  -90.1      2   0.00    265      8  418.0  418.0  418.0
   86.9  17597  -65.1  -90.1      2   0.00    266      8  418.1  418.1  418.1
   86.0  17661  -65.1  -90.1      2   0.00    270      9  419.4  419.4  419.4
   85.9  17668  -65.1  -90.1      2   0.00    269      9  419.5  419.5  419.5
   83.9  17812  -64.5  -89.5      2   0.00    246      8  423.6  423.6  423.6
   83.0  17878  -64.2  -89.2      2   0.00    235      7  425.4  425.4  425.4
   82.0  17953  -63.9  -88.9      2   0.00    245      8  427.6  427.6  427.6
   81.2  18013  -63.7  -88.7      2   0.00    253      9  429.2  429.2  429.2
   80.0  18105  -63.5  -88.5      2   0.00    265     11  431.4  431.4  431.4
   77.6  18292  -63.1  -88.1      2   0.00    297      7  436.0  436.0  436.0
   77.0  18340  -62.9  -87.9      2   0.00    305      6  437.4  437.4  437.4
   76.0  18421  -62.6  -87.6      2   0.00    285      3  439.6  439.6  439.6
   74.0  18586  -62.0  -87.0      2   0.00    195      5  444.3  444.3  444.3
   73.7  18611  -61.9  -86.9      2   0.00    201      5  445.0  445.0  445.0
   70.0  18930  -62.7  -87.7      2   0.00    280      9  449.9  449.9  449.9
   69.2  19001  -62.7  -87.7      2   0.00    288      8  451.4  451.4  451.4
   69.0  19019  -62.7  -87.6      2   0.00    290      8  451.8  451.8  451.8
   68.0  19109  -62.6  -87.3      2   0.00    290      5  453.8  453.8  453.8
   66.0  19293  -62.5  -86.7      3   0.00    230      5  457.9  457.9  457.9
   65.4  19349  -62.5  -86.5      3   0.00    248      3  459.2  459.2  459.2
   65.0  19387  -62.5  -86.7      3   0.00    260      1  460.0  460.0  460.0
   64.0  19482  -62.5  -87.2      2   0.00     85      3  462.0  462.0  462.0
   63.3  19550  -62.5  -87.5      2   0.00    106      5  463.5  463.5  463.5
   62.6  19619  -62.5  -87.5      2   0.00    126      8  464.9  465.0  464.9
   61.0  19779  -61.8  -87.0      2   0.00    175     13  469.9  469.9  469.9
   57.0  20201  -60.0  -85.8      2   0.00    250      4  483.2  483.2  483.2
   56.0  20310  -59.5  -85.5      2   0.00     15      5  486.7  486.7  486.7
   55.9  20322  -59.5  -85.5      2   0.00     19      6  487.1  487.1  487.1
   55.0  20423  -59.3  -84.8      2   0.01     55     13  489.8  489.8  489.8
   54.1  20526  -59.1  -84.1      3   0.01     71     12  492.6  492.6  492.6
   53.0  20655  -59.2  -84.2      3   0.01     90     11  495.3  495.3  495.3
   52.0  20774  -59.3  -84.3      3   0.01     80      9  497.8  497.8  497.8
   51.6  20823  -59.3  -84.3      3   0.01     82     11  498.8  498.9  498.8
   51.0  20896  -59.2  -84.2      3   0.01     85     13  500.6  500.7  500.6
   50.0  21020  -59.1  -84.1      3   0.01     90      9  503.8  503.8  503.8
   49.2  21121  -58.9  -83.9      3   0.01     82      6  506.6  506.6  506.6
   49.0  21147  -58.9  -83.9      3   0.01     80      5  507.2  507.3  507.2
   47.0  21409  -58.5  -83.5      3   0.01    105     10  514.2  514.2  514.2
   45.0  21683  -58.1  -83.2      3   0.01     75      3  521.5  521.5  521.5
   42.0  22117  -57.6  -82.6      3   0.01    115     12  533.3  533.4  533.3
   41.0  22269  -57.4  -82.4      3   0.01     95     10  537.5  537.6  537.5
   40.7  22315  -57.3  -82.3      3   0.01     94     11  538.8  538.9  538.8
   39.0  22585  -56.7  -82.2      3   0.01     85     14  546.9  547.0  546.9
   38.0  22750  -56.3  -82.1      3   0.01    100     11  551.9  552.0  551.9
   37.4  22851  -56.1  -82.1      2   0.01     67     13  555.0  555.1  555.0
   37.0  22919  -55.9  -81.9      3   0.01     45     14  557.2  557.3  557.2
   36.0  23094  -55.4  -81.4      3   0.01     65     14  562.9  563.0  562.9
   35.0  23273  -54.9  -80.9      3   0.02     75     13  568.7  568.9  568.7
   34.2  23421  -54.5  -80.5      3   0.02     63     23  573.6  573.7  573.6
   34.0  23458  -54.6  -80.6      3   0.02     60     25  574.3  574.4  574.3
   33.8  23496  -54.7  -80.7      3   0.02     62     25  575.0  575.1  575.0
   33.0  23649  -54.5  -80.5      3   0.02     70     27  579.5  579.6  579.5
   32.0  23846  -54.3  -80.3      3   0.02     80     19  585.0  585.2  585.0
   31.8  23887  -54.3  -80.3      3   0.02     79     19  586.2  586.4  586.2
   31.0  24050  -54.2  -80.2      3   0.02     75     21  590.7  590.9  590.8
   30.3  24196  -54.1  -80.1      3   0.02     75     21  594.9  595.1  594.9
   30.0  24260  -54.1  -80.1      3   0.02     75     21  596.6  596.8  596.6
   29.5  24368  -53.9  -79.9      3   0.02     80     21  600.0  600.2  600.0
   29.0  24477  -53.5  -79.5      3   0.02     85     20  604.0  604.2  604.0
   27.7  24772  -52.5  -78.5      3   0.03     72     23  614.8  615.0  614.8
   27.0  24937  -52.3  -78.3      3   0.03     65     24  619.9  620.2  619.9
   26.4  25082  -52.1  -78.1      3   0.03     68     26  624.4  624.7  624.4
   26.0  25180  -52.0  -78.0      3   0.04     70     27  627.5  627.8  627.5
   25.7  25255  -51.9  -77.9      3   0.04     73     28  629.8  630.1  629.8
   25.0  25433  -51.9  -77.9      3   0.04     80     31  634.8  635.1  634.8
   24.4  25590  -51.9  -77.9      3   0.04     95     28  639.2  639.5  639.2
   24.0  25697  -51.8  -77.6      3   0.04    105     26  642.6  643.0  642.6
   23.0  25973  -51.4  -76.9      3   0.05     80     24  651.5  652.0  651.5
   22.0  26261  -51.0  -76.2      3   0.06     85     32  660.9  661.4  660.9
   21.6  26379  -50.9  -75.9      4   0.06     85     33  664.8  665.4  664.9
   21.0  26563  -50.5  -75.8      3   0.06     85     34  671.5  672.1  671.5
   20.0  26880  -49.7  -75.7      3   0.07     95     35  683.3  683.9  683.3
   19.0  27218  -48.2  -75.0      3   0.08    105     26  698.0  698.8  698.0
   18.8  27287  -47.9  -74.9      3   0.08    101     26  701.1  701.9  701.1
   18.0  27578  -47.2  -74.2      3   0.09     85     26  712.1  713.0  712.1
   17.0  27960  -46.2  -73.2      3   0.11     90     25  726.9  728.0  726.9
   16.0  28365  -45.2  -72.2      3   0.14     85     32  742.8  744.3  742.9
   15.0  28796  -44.2  -71.2      3   0.17    110     27  760.2  762.0  760.3
   14.0  29257  -43.0  -70.0      4   0.22     90     23  779.2  781.6  779.3
   13.9  29305  -42.9  -69.9      4   0.22     90     23  781.2  783.6  781.3
   13.0  29758  -41.9  -69.9      3   0.24     85     24  799.8  802.4  799.9
   12.4  30079  -41.5  -69.5      3   0.26     79     28  812.0  815.0  812.1
   12.0  30302  -41.7  -69.7      3   0.27     75     30  819.0  822.0  819.1
   11.8  30416  -41.9  -69.9      3   0.26     77     32  822.2  825.2  822.3
   11.3  30709  -42.3  -69.3      4   0.30     82     36  831.0  834.5  831.1
   11.2  30770  -42.3  -69.3      4   0.30     83     36  833.1  836.6  833.2
   11.0  30892  -42.0  -69.2      4   0.31     85     38  838.3  842.0  838.5
   10.0  31540  -40.7  -68.7      3   0.37     80     38  866.5  870.9  866.7
    9.0  32260  -38.7  -67.7      3   0.47     95     42  900.6  906.5  900.9
    8.1  32987  -36.1  -65.1      3   0.74     86     36  938.5  948.0  938.9
    8.0  33074  -35.9  -64.9      3   0.77     85     35  942.6  952.5  943.0