1009.0     20   23.8   23.1     96  18.00    215      3  296.2  348.2  299.4
 1002.0     84   23.0   22.2     95  17.14    219     11  296.0  345.5  299.0
 1000.0    102   22.8   22.1     96  17.07    220     13  295.9  345.2  299.0
  997.0    128   22.6   22.1     97  17.12    220     13  296.0  345.4  299.0
  976.0    314   22.0   21.6     98  16.96    220     14  297.2  346.4  300.2
  968.0    385   22.2   22.1     99  17.64    220     15  298.1  349.5  301.2
  925.0    780   20.8   20.5     98  16.71    220     17  300.6  349.8  303.6
  910.8    914   20.4   20.0     98  16.45    225     17  301.5  350.1  304.4
  905.0    970   20.2   19.8     98  16.35    225     18  301.8  350.2  304.8
  884.0   1173   19.6   18.5     93  15.41    225     20  303.2  349.1  306.0
  879.3   1219   19.5   18.4     93  15.39    225     21  303.6  349.6  306.4
  870.0   1311   19.4   18.2     93  15.36    227     23  304.4  350.4  307.2
  862.0   1391   19.6   18.1     91  15.41    228     25  305.4  351.8  308.3
  850.0   1512   19.0   17.5     91  15.04    230     27  306.0  351.4  308.8
  848.8   1524   18.9   17.4     91  14.96    225     26  306.1  351.2  308.8
  828.0   1738   18.0   15.6     86  13.65    228     31  307.3  348.7  309.8
  819.2   1829   17.3   15.2     87  13.46    230     33  307.5  348.4  310.0
  790.4   2134   15.0   14.0     93  12.85    230     36  308.2  347.4  310.6
  780.0   2247   14.2   13.5     96  12.63    230     36  308.5  347.0  310.8
  774.0   2313   13.8   13.0     95  12.31    230     36  308.7  346.3  311.0
  762.6   2438   13.6   12.2     91  11.80    230     36  309.9  346.1  312.0
  762.0   2445   13.6   12.1     91  11.77    230     36  309.9  346.1  312.1
  751.0   2567   12.8   11.7     93  11.63    228     35  310.3  346.1  312.5
  746.0   2624   13.0   11.6     91  11.63    227     35  311.1  347.1  313.3
  735.5   2743   12.4   10.7     90  11.12    225     34  311.7  346.1  313.8
  733.0   2772   12.2   10.5     89  10.99    225     34  311.8  345.9  313.9
  718.0   2945   10.8    9.6     92  10.56    225     33  312.1  344.9  314.1
  709.2   3048   10.4    8.8     90  10.12    225     33  312.8  344.3  314.7
  706.0   3086   10.2    8.5     89   9.96    227     34  313.0  344.1  314.9
  700.0   3157    9.8    8.2     90   9.84    230     35  313.3  344.1  315.2
  696.0   3205    9.6    8.1     90   9.83    230     36  313.6  344.4  315.4
  683.7   3353    9.2    6.7     85   9.10    230     38  314.7  343.4  316.4
  679.0   3411    9.0    6.2     83   8.83    230     38  315.1  343.1  316.8
  665.0   3584    8.2    6.4     88   9.15    230     37  316.1  345.1  317.9
  659.0   3658    7.8    5.8     87   8.82    230     37  316.5  344.5  318.1
  654.0   3722    7.4    5.2     86   8.55    230     37  316.7  344.0  318.4
  650.0   3772    7.0    5.4     90   8.73    230     37  316.8  344.6  318.5
  635.2   3962    6.3    3.2     81   7.63    230     38  318.1  342.6  319.6
  634.0   3978    6.2    3.0     80   7.55    230     38  318.2  342.5  319.6
  629.0   4043    6.4    2.3     75   7.23    230     37  319.1  342.5  320.5
  619.0   4174    5.8   -0.2     65   6.13    230     36  319.9  339.9  321.1
  614.0   4241    5.0   -1.0     65   5.83    230     35  319.7  338.8  320.9
  612.0   4267    4.8   -1.2     65   5.78    230     35  319.9  338.8  321.0
  604.0   4375    4.2   -1.8     65   5.58    226     35  320.3  338.6  321.4
  590.0   4566    3.4    1.0     84   7.02    220     35  321.6  344.5  322.9
  589.6   4572    3.4    0.8     83   6.95    220     35  321.6  344.3  323.0
  586.0   4621    3.4   -0.5     76   6.34    221     35  322.2  343.0  323.4
  578.0   4733    3.4   -5.6     52   4.38    223     36  323.4  338.2  324.3
  570.0   4846    2.6   -3.4     65   5.25    224     36  323.8  341.3  324.8
  567.8   4877    2.5   -4.4     60   4.89    225     36  324.1  340.5  325.0
  563.0   4946    2.4   -6.6     51   4.17    225     36  324.7  338.8  325.5
  560.0   4989    2.4   -4.6     60   4.88    224     36  325.2  341.6  326.2
  553.0   5091    2.2   -8.8     44   3.57    224     36  326.1  338.4  326.8
  546.0   5194    1.6   -4.4     64   5.08    223     35  326.6  343.8  327.6
  539.0   5298    1.4   -7.6     51   4.03    223     35  327.6  341.4  328.4
  535.0   5358    0.8   -7.2     55   4.19    222     35  327.6  341.9  328.4
  515.0   5664   -0.5  -11.5     43   3.10    221     34  329.6  340.4  330.2
  506.9   5791   -1.4  -11.3     47   3.20    220     34  330.0  341.2  330.7
  500.0   5900   -2.1  -11.1     50   3.29    220     35  330.4  341.9  331.1
  487.8   6096   -3.7  -10.3     60   3.60    220     34  330.8  343.3  331.5
  485.0   6141   -4.1  -10.1     63   3.68    220     34  330.8  343.6  331.6
  469.2   6401   -6.3  -12.3     62   3.18    220     35  331.2  342.4  331.9
  468.0   6421   -6.5  -12.5     62   3.15    220     35  331.2  342.3  331.9
  451.1   6706   -8.5  -11.7     77   3.47    220     32  332.2  344.4  332.9
  448.0   6760   -8.9  -11.6     81   3.53    222     32  332.4  344.8  333.1
  445.0   6812   -8.9  -11.8     79   3.50    223     33  333.0  345.3  333.7
  438.0   6935   -9.1  -13.0     73   3.23    228     34  334.3  345.7  334.9
  435.0   6988   -9.7  -13.1     76   3.22    229     34  334.2  345.6  334.8
  433.8   7010   -9.8  -13.9     72   3.03    230     34  334.3  345.1  334.9
  414.0   7368  -11.7  -26.7     28   1.05    236     36  336.4  340.4  336.6
  400.5   7620  -13.6  -20.0     59   1.97    240     37  337.1  344.3  337.5
  400.0   7630  -13.7  -19.7     61   2.02    240     37  337.1  344.5  337.5
  397.0   7687  -14.1  -20.1     60   1.96    240     37  337.3  344.5  337.7
  388.0   7861  -15.3  -22.3     55   1.66    240     38  337.9  344.1  338.3
  384.7   7925  -15.8  -22.3     58   1.67    240     38  338.1  344.3  338.4
  382.0   7978  -16.3  -22.3     60   1.68    240     38  338.1  344.4  338.5
  373.0   8157  -17.1  -24.1     55   1.47    242     36  339.4  344.9  339.7
  364.0   8339  -18.5  -24.5     59   1.45    243     35  339.9  345.4  340.2
  354.6   8534  -20.1  -24.9     65   1.44    245     34  340.4  345.8  340.7
  339.0   8865  -22.7  -25.5     78   1.43    240     37  341.1  346.6  341.4
  336.0   8930  -23.1  -25.9     78   1.39    239     38  341.5  346.8  341.8
  331.0   9040  -23.7  -28.5     65   1.11    237     39  342.1  346.4  342.4
  326.3   9144  -24.5  -28.5     70   1.13    235     40  342.4  346.8  342.6
  316.0   9377  -26.3  -28.4     82   1.17    235     37  343.1  347.6  343.3
  312.9   9449  -26.8  -31.0     68   0.93    235     36  343.3  347.0  343.5
  310.0   9515  -27.3  -33.3     57   0.75    235     36  343.6  346.5  343.7
  305.0   9632  -28.1  -29.8     85   1.06    235     35  344.0  348.2  344.2
  303.0   9679  -28.5  -30.6     82   0.99    235     34  344.1  348.0  344.3
  300.0   9750  -28.9  -30.8     84   0.98    235     34  344.5  348.4  344.7
  299.8   9754  -28.9  -30.8     84   0.98    230     36  344.5  348.4  344.7
  298.0   9798  -29.3  -31.2     84   0.95    230     35  344.6  348.4  344.8
  287.3  10058  -31.0  -37.6     52   0.52    230     31  345.8  347.9  345.9
  282.0  10190  -31.9  -40.9     41   0.38    229     31  346.4  348.0  346.4
  279.0  10266  -32.3  -39.3     50   0.46    228     32  346.9  348.7  346.9
  277.0  10316  -32.5  -39.5     50   0.45    228     32  347.3  349.1  347.4
  271.0  10470  -33.9  -38.1     66   0.53    227     32  347.4  349.6  347.5
  266.0  10601  -34.9  -39.9     60   0.45    226     33  347.8  349.7  347.9
  264.0  10653  -35.3  -40.2     61   0.44    225     33  348.0  349.8  348.1
  263.4  10668  -35.4  -40.5     60   0.43    225     33  348.0  349.8  348.1
  256.0  10867  -37.3  -44.3     48   0.29    228     35  348.1  349.4  348.2
  252.1  10973  -38.2  -43.5     58   0.33    230     36  348.3  349.7  348.4
  250.0  11030  -38.7  -43.0     64   0.34    230     35  348.4  349.8  348.5
  242.0  11252  -40.7  -44.0     70   0.32    232     35  348.6  350.0  348.7
  240.0  11308  -41.1  -44.6     69   0.30    233     35  348.9  350.1  348.9
  238.0  11365  -41.7  -45.0     70   0.29    233     34  348.8  350.0  348.9
  231.0  11566  -43.3  -47.8     61   0.22    235     34  349.4  350.3  349.4
  230.5  11582  -43.4  -47.9     61   0.22    235     34  349.4  350.3  349.4
  227.0  11683  -44.3  -48.5     63   0.21    237     33  349.6  350.5  349.6
  221.0  11862  -45.5  -51.5     51   0.15    240     31  350.4  351.1  350.4
  220.2  11887  -45.7  -51.8     50   0.15    240     31  350.5  351.2  350.6
  214.0  12076  -46.9  -53.9     45   0.12    237     30  351.5  352.0  351.5
  210.2  12192  -47.7  -55.5     40   0.10    235     30  351.9  352.4  352.0
  200.7  12497  -49.9  -59.8     30   0.06    240     38  353.2  353.5  353.2
  200.0  12520  -50.1  -60.1     30   0.06    235     33  353.3  353.5  353.3
  198.0  12586  -50.7  -60.7     30   0.05    235     33  353.3  353.6  353.4
  195.0  12685  -51.7  -60.7     33   0.06    235     33  353.3  353.5  353.3
  191.5  12802  -52.6  -61.6     33   0.05    235     33  353.7  353.9  353.7
  191.0  12820  -52.7  -61.7     33   0.05    235     33  353.8  354.0  353.8
  184.0  13061  -54.9  -61.9     42   0.05    239     34  354.0  354.2  354.0
  182.7  13106  -55.2  -62.7     39   0.05    240     34  354.2  354.4  354.2
  181.0  13166  -55.7  -63.7     36   0.04    238     34  354.4  354.6  354.4
  178.0  13273  -56.9  -63.9     41   0.04    235     33  354.1  354.3  354.1
  174.2  13411  -58.1  -65.1     40   0.03    230     32  354.3  354.5  354.4
  171.0  13527  -59.1  -66.1     40   0.03    230     32  354.5  354.7  354.5
  167.0  13675  -60.3  -67.3     39   0.03    230     33  354.9  355.1  354.9
  165.9  13716  -60.6  -67.3     41   0.03    230     33  355.0  355.2  355.1
  160.0  13942  -62.5  -67.2     53   0.03    230     34  355.6  355.7  355.6
  158.0  14021  -62.9  -67.9     51   0.03    230     35  356.2  356.3  356.2
  158.0  14020  -62.9  -67.9     51   0.03    230     35  356.2  356.3  356.2
  155.0  14138  -63.5  -68.3     52   0.03    232     35  357.1  357.3  357.1
  150.3  14326  -64.1  -70.0     44   0.02    235     36  359.3  359.4  359.3
  150.0  14340  -64.1  -70.1     44   0.02    230     36  359.5  359.6  359.5
  149.0  14381  -64.3  -70.3     44   0.02    231     36  359.8  359.9  359.8
  143.0  14630  -66.1  -70.8     52   0.02    235     36  360.9  361.0  360.9
  137.0  14888  -68.1  -75.1     36   0.01    235     36  361.8  361.9  361.8
  135.0  14976  -68.1  -74.1     42   0.01    235     36  363.4  363.4  363.4
  130.0  15202  -69.1  -76.1     36   0.01    235     36  365.5  365.6  365.5
  129.2  15240  -69.1  -76.1     36   0.01    230     37  366.2  366.2  366.2
  128.0  15294  -69.1  -76.1     36   0.01    231     37  367.1  367.2  367.1
  122.7  15545  -68.0  -76.8     28   0.01    235     36  373.5  373.5  373.5
  122.0  15581  -67.9  -76.9     27   0.01    239     34  374.4  374.4  374.4
  116.6  15850  -68.7  -77.7     26   0.01    265     19  377.8  377.9  377.8
  115.0  15935  -68.9  -77.9     26   0.01    257     18  378.9  378.9  378.9
  111.0  16146  -69.1  -79.1     22   0.01    236     15  382.4  382.4  382.4
  110.8  16154  -69.1  -79.1     22   0.01    235     15  382.6  382.6  382.6
  105.3  16459  -68.1  -78.9     20   0.01    230     32  390.0  390.0  390.0
  104.0  16535  -67.9  -78.9     19   0.01    240     30  391.9  391.9  391.9
  103.0  16593  -67.9  -78.9     19   0.01    247     29  392.9  393.0  392.9
  101.0  16710  -68.1  -80.1     17   0.01    262     26  394.8  394.8  394.8
  100.0  16770  -68.1  -80.1     17   0.01    270     25  395.9  395.9  395.9
   99.0  16830  -67.9  -80.1     16   0.01    270     23  397.4  397.4  397.4
   95.3  17060  -67.3  -80.3     14   0.01    270     26  402.9  403.0  402.9
   95.2  17069  -67.3  -80.3     14   0.01    270     26  403.1  403.1  403.1
   94.0  17142  -67.4  -80.4     14   0.01    290      6  404.3  404.3  404.3
   93.1  17200  -67.5  -80.5     14   0.01    265      5  405.2  405.3  405.2
   91.0  17339  -65.9  -79.9     13   0.01    205      4  411.0  411.0  411.0
   90.0  17406  -65.2  -79.5     12   0.01    180      7  413.8  413.9  413.8
   89.0  17474  -64.4  -79.2     11   0.01    195     10  416.7  416.7  416.7
   88.6  17501  -64.1  -79.1     11   0.01    199     10  417.8  417.9  417.8
   88.0  17543  -64.0  -79.1     11   0.01    205      9  418.9  419.0  418.9
   85.2  17741  -63.3  -79.3     10   0.01    154      3  424.1  424.2  424.1
   85.0  17756  -63.3  -79.3     10   0.01    150      3  424.4  424.4  424.4
   84.0  17828  -63.4  -79.4     10   0.01    130      5  425.7  425.8  425.7
   81.6  18006  -63.5  -79.5     10   0.01    147      9  429.0  429.0  429.0
   77.0  18363  -62.5  -80.2      8   0.01    180     17  438.2  438.3  438.2
   76.1  18436  -62.3  -80.3      7   0.01    195     15  440.1  440.2  440.1
   75.7  18468  -62.3  -80.3      7   0.01    201     14  440.8  440.9  440.8
   74.0  18608  -62.9  -80.9      7   0.01    230      9  442.4  442.5  442.4
   72.2  18760  -63.5  -81.5      7   0.01    277      6  444.2  444.3  444.2
   70.0  18950  -63.1  -82.1      6   0.01    335      2  449.1  449.1  449.1
   69.0  19039  -62.9  -82.1      6   0.01    110      4  451.4  451.5  451.4
   68.0  19129  -62.6  -82.2      6   0.01    150      5  453.8  453.9  453.8
   67.0  19220  -62.4  -82.2      5   0.01    140      4  456.3  456.3  456.3
   65.0  19407  -61.9  -82.2      5   0.01    185      8  461.3  461.4  461.3
   64.0  19502  -61.6  -82.3      5   0.01    205      6  464.0  464.0  464.0
   63.0  19599  -61.4  -82.3      5   0.01    180      2  466.6  466.7  466.6
   62.8  19619  -61.3  -82.3      5   0.01    162      3  467.2  467.2  467.2
   62.0  19698  -61.3  -82.3      5   0.01     90      7  468.9  468.9  468.9
   61.8  19718  -61.3  -82.3      5   0.01     96      7  469.3  469.4  469.3
   60.0  19901  -61.8  -83.5      4   0.01    155      5  472.3  472.3  472.3
   59.4  19963  -61.9  -83.9      4   0.01    176      5  473.3  473.4  473.3
   59.0  20005  -61.8  -83.9      4   0.01    190      5  474.4  474.5  474.4
   58.0  20110  -61.5  -83.9      4   0.01    155      3  477.4  477.4  477.4
   57.0  20218  -61.3  -83.9      4   0.01    185      4  480.3  480.4  480.3
   55.6  20372  -60.9  -83.9      3   0.01     84      7  484.6  484.7  484.6
   55.0  20439  -60.8  -83.8      3   0.01     40      9  486.3  486.4  486.3
   54.2  20530  -60.7  -83.7      3   0.01     54     12  488.6  488.7  488.6
   53.0  20669  -60.9  -83.9      3   0.01     75     16  491.2  491.3  491.2
   52.1  20775  -61.1  -84.1      3   0.01     87     15  493.2  493.3  493.2
   51.8  20811  -61.1  -84.1      3   0.01     91     14  494.1  494.1  494.1
   50.0  21030  -60.7  -83.7      3   0.01    115     11  500.0  500.1  500.0
   49.0  21156  -60.3  -83.3      3   0.01    105     12  503.8  503.9  503.8
   47.9  21297  -59.9  -82.9      3   0.01    102      9  508.1  508.1  508.1
   47.0  21416  -59.5  -82.5      4   0.01    100      6  511.8  511.8  511.8
   45.1  21674  -58.7  -81.7      4   0.01     72     16  519.8  519.9  519.8
   45.0  21688  -58.7  -81.7      4   0.01     70     17  520.2  520.3  520.2
   44.0  21829  -58.2  -81.7      3   0.01     75     14  524.6  524.7  524.6
   43.0  21974  -57.8  -81.7      3   0.01     80     17  529.2  529.3  529.2
   42.8  22003  -57.7  -81.7      3   0.01     85     16  530.1  530.2  530.1
   42.0  22122  -57.5  -81.5      3   0.01    105     12  533.6  533.7  533.6
   40.8  22305  -57.1  -81.1      3   0.01     93      8  538.9  539.0  538.9
   40.0  22430  -56.8  -80.8      3   0.01     85      6  542.6  542.7  542.6
   39.0  22590  -56.5  -80.5      3   0.02     65     16  547.4  547.5  547.4
   38.4  22689  -56.3  -80.3      3   0.02     69     19  550.4  550.5  550.4
   36.0  23101  -54.8  -78.8      4   0.02     85     29  564.5  564.7  564.5
   35.0  23281  -54.1  -78.1      4   0.03     90     24  570.8  571.0  570.8
   34.0  23466  -53.4  -77.4      4   0.03    100     28  577.3  577.6  577.4
   33.8  23503  -53.3  -77.3      4   0.03    101     27  578.7  578.9  578.7
   33.0  23657  -53.6  -77.6      4   0.03    105     23  581.8  582.1  581.8
   32.8  23696  -53.7  -77.7      4   0.03    105     23  582.6  582.9  582.6
   32.2  23815  -53.9  -77.9      4   0.03    105     22  585.1  585.4  585.2
   32.0  23855  -53.8  -77.9      4   0.03    105     22  586.5  586.8  586.5
   31.0  24059  -53.1  -77.7      4   0.03    125     17  593.6  593.8  593.6
   30.0  24270  -52.5  -77.5      3   0.03    110     16  600.9  601.2  600.9
   29.8  24313  -52.3  -77.3      3   0.03    106     17  602.6  602.9  602.6
   29.1  24468  -52.1  -76.1      4   0.04     92     22  607.3  607.6  607.3
   29.0  24490  -52.1  -76.1      4   0.04     90     23  608.0  608.3  608.0
   28.0  24718  -51.8  -76.3      4   0.04     95     21  614.9  615.3  615.0
   27.2  24907  -51.5  -76.5      3   0.04     91     20  620.8  621.2  620.8
   27.0  24955  -51.5  -76.5      3   0.04     90     20  622.1  622.5  622.1
   26.7  25027  -51.5  -76.5      3   0.04     89     21  624.1  624.5  624.1
   26.0  25201  -51.3  -76.3      4   0.05     85     23  629.3  629.7  629.3
   25.0  25456  -51.1  -76.1      4   0.05     90     35  637.0  637.5  637.0
   24.1  25695  -50.9  -75.9      4   0.05     99     31  644.4  644.9  644.4
   24.0  25723  -50.8  -75.8      4   0.05    100     31  645.3  645.8  645.3
   23.0  26001  -50.2  -75.2      4   0.06    100     26  654.9  655.5  655.0
   22.0  26293  -49.6  -74.6      4   0.07     95     27  665.2  665.8  665.2
   21.5  26443  -49.3  -74.3      4   0.08     85     31  670.5  671.2  670.5
   21.0  26598  -49.0  -74.0      4   0.08     75     35  676.1  676.9  676.1
   20.1  26887  -48.3  -73.3      4   0.09     84     40  686.6  687.5  686.6
   20.0  26920  -48.3  -73.3      4   0.09     85     41  687.6  688.5  687.6
   19.0  27258  -48.0  -73.0      4   0.10     85     30  698.7  699.7  698.7
   18.7  27362  -47.9  -72.9      4   0.11     84     31  702.1  703.2  702.2
   18.0  27614  -47.3  -72.3      4   0.12     80     34  711.8  713.0  711.8
   17.8  27688  -47.1  -72.1      4   0.13     81     34  714.6  715.9  714.7
   17.0  27992  -46.8  -72.6      4   0.12     85     34  725.1  726.4  725.2
   16.8  28071  -46.7  -72.7      4   0.12     83     34  727.8  729.1  727.9
   16.0  28394  -46.4  -71.8      4   0.15     75     36  738.9  740.4  739.0
   15.6  28562  -46.3  -71.3      4   0.16     83     36  744.7  746.4  744.8
   15.0  28822  -46.1  -71.1      4   0.17     95     36  753.7  755.5  753.8
   14.9  28867  -46.1  -71.1      4   0.17     94     36  755.2  757.1  755.3
   14.0  29281  -45.5  -70.5      4   0.20     85     41  770.6  772.8  770.7
   13.6  29474  -45.3  -70.3      4   0.21     87     43  777.9  780.2  778.0
   13.0  29775  -45.1  -70.1      4   0.23     90     45  788.7  791.2  788.8
   12.6  29984  -44.7  -69.7      4   0.25     92     46  797.1  800.0  797.3
   12.0  30310  -44.4  -69.3      5   0.28     95     49  809.6  812.8  809.7
   11.6  30537  -44.1  -69.1      5   0.30     99     46  818.4  821.8  818.5
   11.0  30896  -42.7  -68.1      5   0.36    105     42  835.8  840.0  836.0
   10.0  31540  -40.3  -66.3      4   0.51    100     40  868.0  874.1  868.2
    9.9  31609  -40.1  -66.1      5   0.53    100     41  871.2  877.6  871.5
    9.0  32262  -38.6  -64.6      5   0.71     95     55  900.9  909.6  901.2
    8.8  32416  -38.3  -64.3      5   0.76     94     54  908.0  917.4  908.4
    8.2  32903  -36.9  -63.9      4   0.86     91     50  932.0  943.0  932.5
    8.0  33074  -36.7  -63.6      4   0.92     90     49  939.2  951.0  939.8
    7.0  34000  -35.9  -61.9      5   1.32     95     53  979.2  996.6  980.0
    6.5  34516  -35.3  -61.3      5   1.54    100     51 1002.7 1023.4 1003.7
    6.2  34845  -35.1  -61.1      5   1.65    103     50 1017.2 1039.8 1018.2